[0]	24216	28160	34750	29822	32193	31049	37019	36298	30726	38388	36194	34140	33731	34637	32510	32070	31163	32127	30794	32891	32449	32068	31601	32607	29841	32451	30410	32561	29429	29406	29476	28900	{1024077}
[1]	32025	30059	25692	28201	32164	30991	37185	36228	30834	38312	35953	34108	33536	34876	32616	31907	31342	31991	30593	32924	32431	32106	31550	32648	29733	32530	30466	32606	29383	29461	29475	28833	{1022759}
[2]	31902	33036	34593	24072	25703	30990	36974	36317	30572	38204	35915	34032	33603	34622	32430	31844	31103	31962	30568	32807	32290	31994	31520	32395	29644	32269	30164	32198	29109	29321	29305	28630	{1020088}
[3]	31881	33255	34556	29522	30499	23417	32842	36099	30597	38064	35887	33804	33448	34604	32366	31966	31252	31978	30510	32760	32356	32021	31382	32306	29548	32135	30367	32177	29301	29387	29415	28748	{1018450}
[4]	32327	33748	35022	29951	32410	31271	31234	26731	30978	38493	36267	34531	33914	35065	32877	32332	31430	32361	30866	33202	32714	32389	32134	32839	30250	32867	30713	32780	29402	29715	29840	29296	{1029949}
[5]	32487	33778	35229	29917	32472	31502	37278	36614	23635	31871	36473	34434	34054	35112	32925	32230	31676	32427	31140	33240	33053	32447	31914	33014	30100	32780	30719	32624	29623	29741	29672	29222	{1033403}
[6]	32289	33496	34823	29838	32313	31275	37330	36388	30785	34239	26557	32474	33804	34929	32861	32111	31470	32176	30796	33147	32610	32269	31729	32684	29885	32631	30520	32509	29403	29612	29423	28991	{1025367}
[7]	31845	33335	34749	29493	32158	31055	37048	36298	30717	37959	36056	27260	26624	34684	32574	31874	31197	31906	30790	32742	32453	32284	31679	32366	29849	32184	30539	32300	29335	29341	29554	28841	{1021089}
[8]	32130	33265	34764	29632	32208	30871	37089	36113	30704	38173	36013	34053	31989	25737	29266	31894	31203	31961	30572	32810	32421	32031	31542	32546	29742	32405	30363	32335	29234	29295	29331	28766	{1020458}
[9]	31562	32804	34164	29153	31625	30538	36509	35805	30204	37728	35501	33689	33073	34387	27444	23989	30634	31562	30206	32458	31865	31679	31071	32081	29315	31890	29986	31864	28662	28819	28845	28387	{1007499}
[10]	32141	33334	34625	29762	32228	31044	36817	36138	30743	38321	36006	34157	33736	34791	32695	32068	23738	27271	30813	32788	32632	32172	31689	32515	29785	32237	30476	32512	29300	29476	29574	28981	{1024565}
[11]	33344	34789	35947	30965	33491	32227	38202	37506	32009	39470	37326	35406	35041	35978	33774	33391	32516	30036	23855	32194	33846	33577	32901	33806	31156	33544	31727	33644	30621	30683	30661	30051	{1063684}
[12]	31910	33102	34527	29457	31986	30823	37108	36269	30658	38130	35916	34060	33598	34681	32391	32003	31100	31920	30645	26378	25806	32170	31533	32574	29726	32415	30279	32315	29192	29394	29420	28677	{1020163}
[13]	31954	33306	34774	29701	32161	30956	37131	36306	30729	38440	36159	34285	33624	34799	32815	32094	31430	32222	30655	32852	31185	24357	28497	32715	29800	32447	30522	32387	29352	29495	29562	28935	{1025647}
[14]	31990	33252	34846	29624	32081	31136	36995	36380	30831	38129	36247	34101	33578	34715	32555	32238	31364	32032	30708	33079	32626	32143	27183	24444	29755	32400	30450	32310	29322	29436	29497	28685	{1024132}
[15]	31871	33194	34470	29441	31874	30866	36959	36183	30475	38045	35922	33954	33595	34592	32391	31900	31156	31946	30507	32669	32328	31908	31497	32497	22960	27341	30193	32294	29028	29248	29313	28714	{1019331}
[16]	31588	32885	34228	29222	31611	30556	36798	35972	30334	37787	35658	33872	33278	34496	32162	31489	30768	31677	30364	32467	31997	31784	31192	32096	29362	29101	23034	30270	28921	29033	29027	28360	{1011389}
[17]	32027	33318	34767	29707	32212	31025	37187	36451	30767	38273	36191	34099	33770	34713	32727	31959	31277	32056	30717	32922	32434	32269	31545	32647	29775	32480	30412	26165	23683	29477	29477	28955	{1025484}
[18]	32108	33387	34865	29814	32273	31095	37006	36378	30858	38212	36063	34080	33914	34774	32756	32119	31406	32276	30887	33107	32741	32249	31830	32669	30029	32555	30581	32631	28384	22628	26638	29062	{1029375}
[19]	32064	33586	34865	29680	32290	31076	37047	36425	30852	38448	36176	34307	33696	34944	32682	32090	31294	32256	30837	32958	32628	32368	31716	32800	29876	32494	30492	32537	29377	29524	25733	22369	{1029487}
[20]	31878	33279	34605	29431	31918	30878	36958	36252	30652	38097	35814	33902	33470	34607	32357	31918	31123	32092	30385	32763	32228	32160	31372	32389	29631	32479	30411	32222	29360	29359	29410	28746	{1032146}
[21]	31829	33160	34336	29302	31985	30777	36747	35999	30491	37929	35741	33976	33422	34670	32404	31902	30945	31829	30524	32793	32299	31966	31520	32296	29596	32125	30250	32201	29137	29229	29338	28487	{1029205}
[22]	31826	33050	34434	29204	31905	30906	36680	35871	30513	37911	35646	33679	33335	34495	32322	31760	30803	31877	30486	32666	32169	31870	31220	32308	29556	32012	30218	32113	28931	29223	29025	28420	{1026434}
[23]	31626	33011	34528	29346	31924	30624	36769	36016	30292	38014	35854	33905	33287	34439	32178	31604	30916	31875	30349	32634	32151	31892	31379	32159	29373	32219	30169	32146	28885	28953	29172	28517	{1026206}
[24]	31801	33010	34439	29442	31989	30858	36920	36033	30616	37839	35715	34012	33373	34556	32338	31611	31142	31702	30383	32597	32331	32057	31313	32274	29638	32055	30237	32191	29031	29123	29337	28684	{1028647}
[25]	32600	34118	35391	30234	32820	31835	37759	36922	31338	38915	36597	34781	34371	35303	33280	32697	31813	32872	31324	33640	33240	32870	32190	33267	30537	33140	31210	33057	29905	30156	30100	29602	{1057884}
[26]	32040	33347	34850	29595	32239	31022	37062	36298	30749	38238	36135	34398	33719	34809	32545	32079	31407	32127	30697	32983	32561	32232	31614	32523	29920	32317	30427	32357	29317	29374	29486	28986	{1037453}
[27]	32521	33765	35309	30214	32756	31615	37624	36717	31422	38657	36636	34677	34261	35195	33304	32431	32017	32473	31190	33312	33091	32769	32412	33211	30323	33015	30937	32986	29826	29993	30099	29550	{1054308}
[28]	32102	33356	34957	29517	32135	31204	37133	36209	30863	38251	36082	34203	33673	35074	32597	32216	31215	32126	30733	32978	32581	32185	31698	32536	29866	32468	30507	32410	29267	29522	29527	28875	{1038066}
[29]	32157	33588	34908	29782	32191	31258	37195	36602	30896	38344	36288	34320	33657	34711	32764	32248	31260	32191	30816	33036	32715	32180	31807	32680	29990	32446	30500	32594	29399	29519	29707	28969	{1040718}
[30]	32337	33646	34871	29969	32414	31248	37376	36532	31009	38517	36240	34525	33888	35092	32835	32398	31681	32219	30990	33058	32893	32396	31798	32706	30104	32698	30806	32667	29346	29734	29687	29306	{1044986}
[31]	32007	33526	34713	29550	32095	30995	37241	36258	30709	38017	36021	34016	33687	34820	32607	32144	31219	31948	30751	32992	32494	32256	31589	32614	29763	32325	30363	32374	29234	29457	29578	28772	{1036135}